      21       3
      0.00000    0.0500000     0.100000     0.150000     0.200000     0.250000
     0.300000     0.350000     0.400000     0.450000     0.500000     0.550000
     0.600000     0.650000     0.700000     0.750000     0.800000     0.850000
     0.900000     0.950000      1.00000
     0.414410     0.474900     0.523970     0.570010     0.614390     0.657700
     0.700290     0.742340     0.783980     0.825300     0.866370     0.907220
     0.947890     0.988420      1.02882      1.06911      1.10931      1.14943
      1.18947      1.22945      1.26938
     0.117130    0.0897900    0.0744800    0.0631100    0.0541000    0.0466700
    0.0404100    0.0350200    0.0303300    0.0261900    0.0225200    0.0192300
    0.0162700    0.0135800    0.0111230   0.00888000   0.00681800   0.00491900
   0.00315500   0.00152200      0.00000
